0	0	-000.01 nA
0.0133333	8	-000.02 nA
0.0266667	16	-000.05 nA
0.04	24	-000.09 nA
0.0533333	32	-000.15 nA
0.0666667	40	-000.23 nA
0.08	48	-000.33 nA
0.0933333	56	-000.45 nA
0.106667	64	-000.58 nA
0.12	72	-000.73 nA
0.133333	80	-000.90 nA
0.146667	88	-001.09 nA
0.16	96	-001.30 nA
0.173333	104	-001.52 nA
0.186667	112	-001.76 nA
0.2	120	-002.02 nA
0.213333	128	-002.30 nA
0.226667	136	-002.60 nA
0.24	144	-002.91 nA
0.253333	152	-003.25 nA
0.266667	160	-003.60 nA
0.28	168	-003.97 nA
0.293333	176	-004.36 nA
0.306667	184	-004.76 nA
0.32	192	-005.19 nA
0.333333	200	-005.63 nA
0.346667	208	-006.10 nA
0.36	216	-006.57 nA
0.373333	224	-007.07 nA
0.386667	232	-007.59 nA
0.4	240	-008.12 nA
0.413333	248	-008.68 nA
0.426667	256	-009.25 nA
0.44	264	-009.85 nA
0.453333	272	-010.46 nA
0.466667	280	-011.09 nA
0.48	288	-011.73 nA
0.493333	296	-012.40 nA
0.506667	304	-013.09 nA
0.52	312	-013.79 nA
0.533333	320	-014.51 nA
0.546667	328	-015.25 nA
0.56	336	-016.00 nA
0.573333	344	-016.79 nA
0.586667	352	-017.59 nA
0.6	360	-018.41 nA
0.613333	368	-019.23 nA
0.626667	376	-020.10 nA
0.64	384	-020.97 nA
0.653333	392	-021.84 nA
0.666667	400	-022.74 nA
0.68	408	-023.69 nA
0.693333	416	-024.63 nA
0.706667	424	-025.60 nA
0.72	432	-026.57 nA
0.733333	440	-027.57 nA
0.746667	448	-028.61 nA
0.76	456	-029.64 nA
0.773333	464	-030.72 nA
0.786667	472	-031.79 nA
0.8	480	-032.89 nA
0.813333	488	-034.01 nA
0.826667	496	-035.14 nA
0.84	504	-036.31 nA
0.853333	512	-037.49 nA
0.866667	520	-038.67 nA
0.88	528	-039.88 nA
0.893333	536	-041.15 nA
0.906667	544	-042.41 nA
0.92	552	-043.67 nA
0.933333	560	-045.00 nA
0.946667	568	-046.30 nA
0.96	576	-047.60 nA
0.973333	584	-048.93 nA
0.986667	592	-050.32 nA
1	600	-051.66 nA
0	0	-000.01 nA
0.0133333	8	-000.02 nA
0.0266667	16	-000.04 nA
0.04	24	-000.09 nA
0.0533333	32	-000.15 nA
0.0666667	40	-000.23 nA
0.08	48	-000.33 nA
0.0933333	56	-000.44 nA
0.106667	64	-000.58 nA
0.12	72	-000.73 nA
0.133333	80	-000.90 nA
0.146667	88	-001.08 nA
0.16	96	-001.29 nA
0.173333	104	-001.51 nA
0.186667	112	-001.75 nA
0.2	120	-002.01 nA
0.213333	128	-002.29 nA
0.226667	136	-002.58 nA
0.24	144	-002.90 nA
0.253333	152	-003.23 nA
0.266667	160	-003.58 nA
0.28	168	-003.95 nA
0.293333	176	-004.33 nA
0.306667	184	-004.74 nA
0.32	192	-005.16 nA
0.333333	200	-005.61 nA
0.346667	208	-006.06 nA
0.36	216	-006.54 nA
0.373333	224	-007.04 nA
0.386667	232	-007.55 nA
0.4	240	-008.08 nA
0.413333	248	-008.63 nA
0.426667	256	-009.21 nA
0.44	264	-009.80 nA
0.453333	272	-010.41 nA
0.466667	280	-011.03 nA
0.48	288	-011.68 nA
0.493333	296	-012.35 nA
0.506667	304	-013.03 nA
0.52	312	-013.73 nA
0.533333	320	-014.45 nA
0.546667	328	-015.19 nA
0.56	336	-015.95 nA
0.573333	344	-016.71 nA
0.586667	352	-017.51 nA
0.6	360	-018.32 nA
0.613333	368	-019.16 nA
0.626667	376	-020.00 nA
0.64	384	-020.88 nA
0.653333	392	-021.76 nA
0.666667	400	-022.68 nA
0.68	408	-023.62 nA
0.693333	416	-024.56 nA
0.706667	424	-025.51 nA
0.72	432	-026.50 nA
0.733333	440	-027.48 nA
0.746667	448	-028.51 nA
0.76	456	-029.58 nA
0.773333	464	-030.61 nA
0.786667	472	-031.70 nA
0.8	480	-032.79 nA
0.813333	488	-033.91 nA
0.826667	496	-035.03 nA
0.84	504	-036.20 nA
0.853333	512	-037.38 nA
0.866667	520	-038.56 nA
0.88	528	-039.76 nA
0.893333	536	-040.99 nA
0.906667	544	-042.27 nA
0.92	552	-043.50 nA
0.933333	560	-044.81 nA
0.946667	568	-046.14 nA
0.96	576	-047.46 nA
0.973333	584	-048.82 nA
0.986667	592	-050.19 nA
1	600	-051.55 nA
